1332
1333
1377
1379
1515
1605
1662
1414
1417
1719
1720
1721
1766
1801
1802
1803
1808
1812
1820
1821
1824
1833
1835
1860
1861
1878
1881
1883
1885
1893
1911
1925
1928
1941
1942
1944
1946
1950
1951
1959
1961
1963
1968
1969
1979
1982
5912
6379
2001
2002
2004
2108
2109
2201
2204
2206
2212
2220
2222
2229
2264
2267
2269
2270
2281
2282
2288
2292
2296
2501
2502
2503
2531
2579
2587
2590
2593
2594
2602
2607
2613
2801
2802
2809
2810
2811
2815
2871
2875
2897
2908
2914
2931
3001
3002
3101
3103
3106
3107
3201
3401
3402
3569
3591
3593
3608
3708
3861
3863
3865
3880
3941
3405
3407
4004
4005
4021
4023
4028
4041
4042
4043
4044
4045
4061
4063
4078
4088
4091
4092
4095
4109
4114
4116
4118
4182
4183
4185
4186
4188
4189
4202
4203
4204
4205
4206
4208
4212
4221
4272
4401
4403
4452
4471
4612
4613
4617
4626
4631
4634
4636
4901
4911
4912
4914
4917
4919
4921
4922
4927
4928
4958
4966
4985
4996
4997
5142
5208
6988
7958
7970
7995
4151
4502
4503
4506
4507
4516
4519
4521
4523
4527
4528
4530
4534
4536
4540
4541
4547
4548
4549
4551
4552
4553
4555
4559
4563
4564
4565
4568
4569
4571
4578
4581
4587
4592
4967
4974
5017
5019
5020
5021
5101
5105
5108
5110
5122
5186
5191
5192
5195
3110
5201
5202
5214
5232
5233
5301
5302
5310
5331
5332
5333
5334
5344
5384
5393
7943
5401
5406
5410
5411
5423
5440
5444
5451
5463
5471
5480
5481
5482
5486
5541
5563
5632
3433
3436
5703
5706
5707
5711
5713
5714
5715
5726
5727
5741
5801
5802
5803
5805
5851
5852
5857
5901
5909
5929
5930
5932
5938
5943
5946
5947
5975
5976
5981
5988
5991
8155
5631
6005
6013
6101
6103
6104
6113
6118
6134
6135
6136
6140
6141
6143
6151
6201
6222
6235
6247
6268
6269
6273
6278
6282
6287
6301
6302
6305
6310
6324
6326
6330
6339
6349
6361
6363
6366
6367
6368
6370
6371
6383
6395
6406
6407
6412
6413
6417
6419
6425
6432
6436
6440
6444
6454
6457
6460
6462
6463
6464
6465
6471
6472
6473
6474
6480
6481
6486
6498
7004
7011
7013
7718
3105
4062
6418
6448
6479
6501
6502
6503
6504
6506
6507
6508
6586
6588
6592
6594
6622
6632
6641
6645
6651
6652
6674
6676
6701
6702
6703
6706
6707
6718
6723
6724
6727
6728
6737
6740
6741
6752
6753
6754
6755
6758
6762
6768
6770
6789
6794
6798
6804
6806
6807
6810
6841
6844
6845
6849
6856
6857
6861
6869
6875
6890
6902
6905
6908
6914
6915
6920
6923
6925
6929
6947
6951
6952
6954
6960
6961
6963
6965
6966
6967
6971
6976
6981
6986
6996
6997
6999
7280
7735
7739
7751
7752
7965
8035
7003
7012
7014
3116
5949
6995
7201
7202
7203
7205
7211
7220
7222
7230
7236
7238
7239
7240
7241
7242
7246
7251
7259
7261
7267
7269
7270
7272
7274
7276
7278
7279
7282
7283
7287
7294
7296
7313
7102
7224
7226
7231
7309
4543
4902
6146
6376
7701
7716
7717
7729
7730
7731
7732
7733
7740
7741
7747
7762
7779
7780
8050
8086
7817
7832
7840
7846
7862
7864
7867
7905
7911
7912
7914
7915
7936
7947
7951
7956
7966
7976
7981
7984
7988
7994
8022
2692
2733
2768
2784
2874
3038
3076
3132
3151
3167
3360
7433
7447
7451
7458
7459
7476
7483
7575
7599
8001
8002
8011
8012
8015
8016
8020
8031
8032
8051
8053
8057
8058
8060
8066
8068
8078
8088
8098
8111
8113
8114
8129
8130
8133
8136
8140
8151
8154
8283
9810
9830
9832
9869
9934
9962
9987
2651
2659
2664
2670
2678
2681
2685
2730
2782
2790
3028
3046
3048
3050
3064
3086
3088
3092
3098
3099
3141
3148
3191
3222
3349
3382
3391
3395
3549
7453
7516
7532
7545
7606
7649
8028
8168
8173
8174
8182
8184
8185
8194
8214
8217
8218
8219
8227
8233
8237
8242
8252
8267
8273
8276
8278
8279
8281
8282
9627
9831
9843
9946
9948
9956
9983
9989
9997
7167
7173
7180
7182
7186
7189
7321
7322
7327
8303
8304
8306
8308
8309
8316
8331
8334
8336
8337
8338
8341
8342
8343
8344
8345
8346
8350
8354
8355
8356
8358
8359
8360
8361
8362
8363
8364
8366
8367
8368
8369
8370
8377
8379
8381
8382
8385
8386
8387
8388
8392
8393
8395
8397
8399
8410
8411
8418
8522
8524
8527
8530
8541
8544
8550
8551
8558
8600
8713
8714
7148
7164
8253
8424
8425
8439
8473
8508
8511
8515
8566
8570
8572
8584
8585
8586
8591
8593
8595
8697
8739
8601
8604
8609
8613
8616
8624
8628
8698
8699
7181
8630
8725
8729
8750
8766
8795
2337
3003
3231
3288
3289
3291
4666
8801
8802
8803
8804
8806
8830
8841
8848
8850
8871
8905
8919
9706
9001
9003
9005
9006
9007
9008
9009
9010
9020
9021
9022
9024
9031
9041
9042
9044
9045
9048
9052
9081
9142
9062
9064
9065
9069
9072
9075
9076
9086
9143
9101
9104
9107
9110
9119
9201
9202
3738
4676
9401
9404
9409
9412
9424
9432
9433
9434
9435
9437
9449
9613
9984
9301
9302
9303
9364
9375
9501
9502
9503
9504
9505
9506
9507
9508
9509
9511
9513
9531
9532
9533
9536
9543
1973
2121
2127
2146
2168
2174
2175
2181
2193
2317
2326
2327
2331
2371
2379
2412
2413
2427
2432
2433
2440
2461
2492
2702
3087
3197
3543
3563
3626
3632
3635
3659
3668
3765
3769
3774
3938
3978
4282
4307
4321
4324
4385
4544
4661
4665
4680
4681
4684
4686
4689
4704
4708
4716
4732
4733
4739
4751
4755
4768
4813
4819
4849
6028
6055
6098
6178
7412
7421
7518
7522
7550
7581
7616
7860
7974
8056
8153
8160
8179
8876
9468
9474
9601
9602
9603
9605
9616
9672
9678
9681
9682
9684
9697
9699
9715
9716
9719
9722
9728
9735
9742
9744
9746
9749
9757
9759
9766
9783
9787
9792
9793
9861
9887
9936
9945
