1332
1333
1379
1518
1605
1662
1719
1720
1721
1801
1802
1803
1808
1812
1820
1821
1824
1860
1861
1878
1881
1893
1911
1925
1928
1942
1944
1951
1959
1963
2002
2121
2124
2127
2146
2175
2181
2201
2206
2212
2229
2264
2267
2269
2270
2282
2296
2327
2331
2337
2371
2379
2412
2413
2427
2432
2433
2501
2502
2503
2531
2579
2587
2593
2607
2651
2670
2702
2730
2768
2782
2784
2801
2802
2809
2810
2811
2815
2871
2875
2897
2914
3003
3038
3048
3064
3086
3088
3092
3099
3101
3103
3105
3107
3116
3141
3148
3167
3197
3231
