3254
3288
3289
3291
3349
3360
3382
3391
3401
3402
3405
3407
3436
3543
3549
3626
3632
3656
3659
3668
3738
3765
3769
3861
3863
3865
3932
3938
3941
4004
4005
4021
4041
4042
4043
4061
4062
4063
4088
4091
4114
4118
4151
4182
4183
4185
4188
4202
4203
4204
4205
4206
4208
4246
4272
4307
4321
4324
4403
4452
4502
4503
4506
4507
4516
4519
4521
4523
4527
4528
4530
4536
4540
4543
4544
4555
4568
4578
4581
4587
4612
4613
4631
4661
4666
4676
4680
4681
4684
4689
4704
4716
4732
4739
4751
4755
4768
4819
4849
4901
