4902
4911
4912
4921
4922
4927
4967
4974
5019
5020
5021
5101
5105
5108
5110
5201
5202
5214
5232
5233
5301
5332
5333
5334
5393
5401
5406
5411
5423
5444
5463
5471
5486
5541
5631
5703
5706
5707
5711
5713
5714
5741
5801
5802
5803
5901
5929
5938
5947
5975
5991
6028
6098
6103
6113
6135
6136
6141
6146
6178
6201
6268
6269
6273
6301
6302
6305
6324
6326
6361
6367
6370
6383
6395
6412
6417
6432
6448
6460
6463
6465
6471
6472
6473
6479
6481
6501
6503
6504
6506
6586
6588
6592
6594
6632
6641
6645
6674
6701
6702
