6703
6723
6724
6727
6728
6740
6750
6752
6753
6754
6755
6758
6762
6770
6806
6807
6841
6845
6849
6856
6857
6861
6869
6877
6902
6920
6923
6925
6952
6954
6963
6965
6967
6971
6976
6981
6988
6995
7003
7004
7011
7012
7013
7014
7148
7164
7167
7180
7181
7182
7186
7189
7201
7202
7203
7205
7211
7224
7231
7240
7251
7259
7261
7267
7269
7270
7272
7276
7282
7309
7313
7419
7453
7458
7459
7518
7532
7550
7564
7575
7606
7649
7701
7717
7729
7731
7732
7733
7735
7741
7747
7751
7752
7762
7832
7846
7867
7911
7912
7915
