7936
7951
7956
7974
7988
8001
8002
8015
8016
8020
8028
8031
8035
8053
8056
8058
8060
8086
8088
8111
8113
8136
8227
8233
8242
8252
8253
8267
8273
8279
8282
8283
8303
8304
8306
8308
8309
8316
8331
8334
8354
8355
8358
8359
8369
8377
8379
8382
8385
8410
8411
8418
8424
8439
8473
8515
8524
8570
8572
8585
8586
8591
8593
8595
8601
8604
8609
8616
8628
8630
8697
8698
8725
8729
8750
8766
8795
8801
8802
8804
8830
8848
8850
8876
8905
9001
9003
9005
9006
9007
9008
9009
9020
9021
9022
9024
9041
9042
9044
9045
