1332
1333
1377
1379
1515
1605
1662
1414
1417
1719
1720
1721
1766
1801
1802
1803
1808
1812
1820
1821
1824
1833
1835
1860
1861
1878
1881
1883
1885
1893
1911
1925
1928
1941
1942
1944
1946
1950
1951
1959
1961
1963
1968
1969
1979
1982
5912
6379
2001
2002
2004
2108
2109
2201
2204
2206
2212
2220
2222
2229
2264
2267
2269
2270
2281
2282
2288
2292
2296
2501
2502
2503
2531
2579
2587
2590
2593
2594
2602
2607
2613
2801
2802
2809
2810
2811
2815
2871
2875
2897
2908
2914
2931
3001
3002
3101
3103
3106
3107
3201
