3401
3402
3569
3591
3593
3608
3708
3861
3863
3865
3880
3941
3405
3407
4004
4005
4021
4023
4028
4041
4042
4043
4044
4045
4061
4063
4078
4088
4091
4092
4095
4109
4114
4116
4118
4182
4183
4185
4186
4188
4189
4202
4203
4204
4205
4206
4208
4212
4221
4272
4401
4403
4452
4471
4612
4613
4617
4626
4631
4634
4636
4901
4911
4912
4914
4917
4919
4921
4922
4927
4928
4958
4966
4985
4996
4997
5142
5208
6988
7958
7970
7995
4151
4502
4503
4506
4507
4516
4519
4521
4523
4527
4528
4530
4534
4536
4540
4541
4547
4548
