4549
4551
4552
4553
4555
4559
4563
4564
4565
4568
4569
4571
4578
4581
4587
4592
4967
4974
5017
5019
5020
5021
5101
5105
5108
5110
5122
5186
5191
5192
5195
3110
5201
5202
5214
5232
5233
5301
5302
5310
5331
5332
5333
5334
5344
5384
5393
7943
5401
5406
5410
5411
5423
5440
5444
5451
5463
5471
5480
5481
5482
5486
5541
5563
5632
3433
3436
5703
5706
5707
5711
5713
5714
5715
5726
5727
5741
5801
5802
5803
5805
5851
5852
5857
5901
5909
5929
5930
5932
5938
5943
5946
5947
5975
5976
5981
5988
5991
8155
5631
