6005
6013
6101
6103
6104
6113
6118
6134
6135
6136
6140
6141
6143
6151
6201
6222
6235
6247
6268
6269
6273
6278
6282
6287
6301
6302
6305
6310
6324
6326
6330
6339
6349
6361
6363
6366
6367
6368
6370
6371
6383
6395
6406
6407
6412
6413
6417
6419
6425
6432
6436
6440
6444
6454
6457
6460
6462
6463
6464
6465
6471
6472
6473
6474
6480
6481
6486
6498
7004
7011
7013
7718
3105
4062
6418
6448
6479
6501
6502
6503
6504
6506
6507
6508
6586
6588
6592
6594
6622
6632
6641
6645
6651
6652
6674
6676
6701
6702
6703
6706
