6707
6718
6723
6724
6727
6728
6737
6740
6741
6752
6753
6754
6755
6758
6762
6768
6770
6789
6794
6798
6804
6806
6807
6810
6841
6844
6845
6849
6856
6857
6861
6869
6875
6890
6902
6905
6908
6914
6915
6920
6923
6925
6929
6947
6951
6952
6954
6960
6961
6963
6965
6966
6967
6971
6976
6981
6986
6996
6997
6999
7280
7735
7739
7751
7752
7965
8035
7003
7012
7014
3116
5949
6995
7201
7202
7203
7205
7211
7220
7222
7230
7236
7238
7239
7240
7241
7242
7246
7251
7259
7261
7267
7269
7270
7272
7274
7276
7278
7279
7282
