7283
7287
7294
7296
7313
7102
7224
7226
7231
7309
4543
4902
6146
6376
7701
7716
7717
7729
7730
7731
7732
7733
7740
7741
7747
7762
7779
7780
8050
8086
7817
7832
7840
7846
7862
7864
7867
7905
7911
7912
7914
7915
7936
7947
7951
7956
7966
7976
7981
7984
7988
7994
8022
2692
2733
2768
2784
2874
3038
3076
3132
3151
3167
3360
7433
7447
7451
7458
7459
7476
7483
7575
7599
8001
8002
8011
8012
8015
8016
8020
8031
8032
8051
8053
8057
8058
8060
8066
8068
8078
8088
8098
8111
8113
8114
8129
8130
8133
8136
8140
