8151
8154
8283
9810
9830
9832
9869
9934
9962
9987
2651
2659
2664
2670
2678
2681
2685
2730
2782
2790
3028
3046
3048
3050
3064
3086
3088
3092
3098
3099
3141
3148
3191
3222
3349
3382
3391
3395
3549
7453
7516
7532
7545
7606
7649
8028
8168
8173
8174
8182
8184
8185
8194
8214
8217
8218
8219
8227
8233
8237
8242
8252
8267
8273
8276
8278
8279
8281
8282
9627
9831
9843
9946
9948
9956
9983
9989
9997
7167
7173
7180
7182
7186
7189
7321
7322
7327
8303
8304
8306
8308
8309
8316
8331
8334
8336
8337
8338
8341
8342
