8343
8344
8345
8346
8350
8354
8355
8356
8358
8359
8360
8361
8362
8363
8364
8366
8367
8368
8369
8370
8377
8379
8381
8382
8385
8386
8387
8388
8392
8393
8395
8397
8399
8410
8411
8418
8522
8524
8527
8530
8541
8544
8550
8551
8558
8600
8713
8714
7148
7164
8253
8424
8425
8439
8473
8508
8511
8515
8566
8570
8572
8584
8585
8586
8591
8593
8595
8697
8739
8601
8604
8609
8613
8616
8624
8628
8698
8699
7181
8630
8725
8729
8750
8766
8795
2337
3003
3231
3288
3289
3291
4666
8801
8802
8803
8804
8806
8830
8841
8848
