8850
8871
8905
8919
9706
9001
9003
9005
9006
9007
9008
9009
9010
9020
9021
9022
9024
9031
9041
9042
9044
9045
9048
9052
9081
9142
9062
9064
9065
9069
9072
9075
9076
9086
9143
9101
9104
9107
9110
9119
9201
9202
3738
4676
9401
9404
9409
9412
9424
9432
9433
9434
9435
9437
9449
9613
9984
9301
9302
9303
9364
9375
9501
9502
9503
9504
9505
9506
9507
9508
9509
9511
9513
9531
9532
9533
9536
9543
1973
2121
2127
2146
2168
2174
2175
2181
2193
2317
2326
2327
2331
2371
2379
2412
2413
2427
2432
2433
2440
2461
